(1, 1),
(3, 2),
(8, 3),
(28, 4),
(14, 5),
(9, 6),
(20, 7),
(24, 8),
(9, 9),
(1, 10),
(19, 11),
(23, 12),
(23, 13),
(14, 14),
(21, 15),
(27, 16),
(12, 17),
(18, 18),
(19, 19),
(8, 20),
(18, 21),
(22, 22),
(9, 23),
(25, 24),
(2, 25),
(7, 26),
(9, 27),
(26, 28),
(15, 29),
(1, 30),
(26, 31),
(10, 32),
(4, 33),
(26, 34),
(11, 35),
(1, 36),
(18, 37),
(16, 38),
(4, 39),
(4, 40),
(15, 41),
(3, 42),
(5, 43),
(3, 44),
(11, 45),
(11, 46),
(2, 47),
(5, 48),
(2, 49),
(27, 50),
(27, 51),
(23, 52),
(17, 53),
(6, 54),
(29, 55),
(21, 56),
(27, 57),
(14, 58),
(7, 59),
(18, 60),
(18, 61),
(10, 62),
(4, 63),
(23, 64),
(15, 65),
(5, 66),
(10, 67),
(18, 68),
(11, 69),
(1, 70),
(4, 71),
(26, 72),
(6, 73),
(7, 74),
(27, 75),
(22, 76),
(25, 77),
(20, 78),
(29, 79),
(23, 80),
(3, 81),
(17, 82),
(12, 83),
(14, 84),
(17, 85),
(17, 86),
(15, 87),
(23, 88),
(10, 89),
(13, 90),
(27, 91),
(15, 92),
(16, 93),
(29, 94),
(18, 95),
(28, 96),
(11, 97),
(9, 98),
(12, 99),
(25, 100),
(2, 101),
(29, 102),
(7, 103),
(23, 104),
(28, 105),
(24, 106),
(20, 107),
(12, 108),
(14, 109),
(14, 110),
(18, 111),
(29, 112),
(3, 113),
(28, 114),
(14, 115),
(1, 116),
(14, 117),
(21, 118),
(23, 119),
(20, 120),
(14, 121),
(19, 122),
(7, 123),
(15, 124),
(16, 125),
(26, 126),
(7, 127),
(12, 128),
(27, 129),
(13, 130),
(26, 131),
(29, 132),
(5, 133),
(9, 134),
(20, 135),
(8, 136),
(19, 137),
(26, 138),
(16, 139),
(3, 140),
(4, 141),
(5, 142),
(7, 143),
(4, 144),
(2, 145),
(5, 146),
(23, 147),
(3, 148),
(13, 149),
(9, 150),
(20, 151),
(9, 152),
(8, 153),
(16, 154),
(5, 155),
(15, 156),
(25, 157),
(27, 158),
(26, 159),
(9, 160),
(5, 161),
(29, 162),
(22, 163),
(25, 164),
(23, 165),
(14, 166),
(28, 167),
(8, 168),
(17, 169),
(6, 170),
(16, 171),
(8, 172),
(29, 173),
(6, 174),
(29, 175),
(28, 176),
(8, 177),
(13, 178),
(2, 179),
(1, 180),
(18, 181),
(29, 182),
(23, 183),
(25, 184),
(20, 185),
(7, 186),
(15, 187),
(21, 188),
(9, 189),
(16, 190),
(5, 191),
(20, 192),
(2, 193),
(25, 194),
(14, 195),
(15, 196),
(8, 197),
(26, 198),
(18, 199),
(7, 200),
(21, 201),
(27, 202),
(15, 203),
(1, 204),
(9, 205),
(23, 206),
(24, 207),
(7, 208),
(26, 209),
(19, 210),
(29, 211),
(19, 212),
(28, 213),
(22, 214),
(8, 215),
(25, 216),
(1, 217),
(27, 218),
(28, 219),
(5, 220),
(7, 221),
(23, 222),
(16, 223),
(6, 224),
(7, 225),
(12, 226),
(1, 227),
(11, 228),
(11, 229),
(10, 230),
(16, 231),
(11, 232),
(2, 233),
(5, 234),
(9, 235),
(24, 236),
(9, 237),
(1, 238),
(14, 239),
(16, 240),
(6, 241),
(8, 242),
(13, 243),
(15, 244),
(6, 245),
(19, 246),
(5, 247),
(20, 248),
(13, 249),
(29, 250),
(10, 251),
(4, 252),
(20, 253),
(11, 254),
(16, 255),
(4, 256),
(7, 257),
(6, 258),
(6, 259),
(10, 260),
(7, 261),
(23, 262),
(3, 263),
(8, 264),
(15, 265),
(13, 266),
(4, 267),
(3, 268),
(20, 269),
(7, 270),
(3, 271),
(10, 272),
(20, 273),
(10, 274),
(25, 275),
(29, 276),
(9, 277),
(15, 278),
(26, 279),
(28, 280),
(2, 281),
(29, 282),
(5, 283),
(6, 284),
(22, 285),
(9, 286),
(9, 287),
(16, 288),
(25, 289),
(11, 290),
(10, 291),
(9, 292),
(1, 293),
(8, 294),
(25, 295),
(15, 296),
(23, 297),
(12, 298),
(6, 299),
(12, 300),
(25, 301),
(13, 302),
(23, 303),
(12, 304),
(26, 305),
(27, 306),
(29, 307),
(6, 308),
(3, 309),
(5, 310),
(27, 311),
(22, 312),
(24, 313),
(7, 314),
(8, 315),
(15, 316),
(8, 317),
(11, 318),
(11, 319),
(20, 320),
(1, 321),
(29, 322),
(26, 323),
(28, 324),
(16, 325),
(9, 326),
(12, 327),
(24, 328),
(22, 329),
(29, 330),
(15, 331),
(23, 332),
(29, 333),
(7, 334),
(18, 335),
(9, 336),
(24, 337),
(17, 338),
(27, 339),
(19, 340),
(25, 341),
(26, 342),
(21, 343),
(15, 344),
(29, 345),
(6, 346),
(28, 347),
(1, 348),
(20, 349),
(6, 350),
(23, 351),
(26, 352),
(15, 353),
(28, 354),
(22, 355),
(19, 356),
(9, 357),
(6, 358),
(16, 359),
(6, 360),
(22, 361),
(14, 362),
(5, 363),
(2, 364),
(27, 365),
(24, 366),
(18, 367),
(4, 368),
(15, 369),
(11, 370),
(5, 371),
(11, 372),
(22, 373),
(24, 374),
(4, 375),
(15, 376),
(25, 377),
(25, 378),
(4, 379),
(9, 380),
(6, 381),
(12, 382),
(9, 383),
(7, 384),
(7, 385),
(20, 386),
(12, 387),
(22, 388),
(17, 389),
(29, 390),
(12, 391),
(18, 392),
(17, 393),
(10, 394),
(18, 395),
(29, 396),
(9, 397),
(10, 398),
(12, 399),
(27, 400),
(21, 401),
(25, 402),
(1, 403),
(11, 404),
(25, 405),
(3, 406),
(21, 407),
(14, 408),
(10, 409),
(6, 410),
(28, 411),
(13, 412),
(6, 413),
(3, 414),
(29, 415),
(1, 416),
(18, 417),
(18, 418),
(16, 419),
(2, 420),
(27, 421),
(10, 422),
(11, 423),
(18, 424),
(7, 425),
(22, 426),
(10, 427),
(29, 428),
(12, 429),
(14, 430),
(21, 431),
(17, 432),
(5, 433),
(10, 434),
(17, 435),
(6, 436),
(28, 437),
(21, 438),
(13, 439),
(17, 440),
(13, 441),
(10, 442),
(13, 443),
(2, 444),
(26, 445),
(12, 446),
(1, 447),
(3, 448),
(13, 449),
(16, 450),
(27, 451),
(16, 452),
(1, 453),
(24, 454),
(20, 455),
(11, 456),
(12, 457),
(22, 458),
(21, 459),
(19, 460),
(17, 461),
(4, 462),
(10, 463),
(21, 464),
(19, 465),
(21, 466),
(9, 467),
(23, 468),
(9, 469),
(4, 470),
(25, 471),
(11, 472),
(9, 473),
(18, 474),
(19, 475),
(1, 476),
(5, 477),
(18, 478),
(18, 479),
(15, 480),
(14, 481),
(8, 482),
(13, 483),
(12, 484),
(15, 485),
(10, 486),
(17, 487),
(2, 488),
(21, 489),
(15, 490),
(4, 491),
(5, 492),
(17, 493),
(20, 494),
(10, 495),
(13, 496),
(20, 497),
(3, 498),
(13, 499),
(16, 500),
(19, 501),
(23, 502),
(3, 503),
(12, 504),
(1, 505),
(26, 506),
(20, 507),
(26, 508),
(24, 509),
(7, 510),
(12, 511),
(18, 512),
(28, 513),
(21, 514),
(10, 515),
(3, 516),
(3, 517),
(2, 518),
(23, 519),
(6, 520),
(20, 521),
(24, 522),
(14, 523),
(5, 524),
(17, 525),
(4, 526),
(10, 527),
(9, 528),
(12, 529),
(28, 530),
(15, 531),
(22, 532),
(20, 533),
(28, 534),
(15, 535),
(22, 536),
(14, 537),
(11, 538),
(16, 539),
(26, 540),
(27, 541),
(12, 542),
(2, 543),
(3, 544),
(24, 545),
(3, 546),
(26, 547),
(5, 548),
(10, 549),
(7, 550),
(27, 551),
(17, 552),
(17, 553),
(28, 554),
(20, 555),
(23, 556),
(27, 557),
(23, 558),
(11, 559),
(25, 560),
(14, 561),
(17, 562),
(23, 563),
(7, 564),
(18, 565),
(27, 566),
(11, 567),
(25, 568),
(11, 569),
(11, 570),
(17, 571),
(3, 572),
(12, 573),
(22, 574),
(26, 575),
(19, 576),
(16, 577),
(10, 578),
(8, 579),
(19, 580),
(29, 581),
(14, 582),
(18, 583),
(7, 584),
(19, 585),
(18, 586),
(16, 587),
(28, 588),
(20, 589),
(28, 590),
(18, 591),
(28, 592),
(10, 593),
(16, 594),
(14, 595),
(3, 596),
(25, 597),
(10, 598),
(21, 599),
(23, 600),
(22, 601),
(16, 602),
(18, 603),
(26, 604),
(3, 605),
(3, 606),
(1, 607),
(13, 608),
(24, 609),
(25, 610),
(13, 611),
(5, 612),
(7, 613),
(12, 614),
(8, 615),
(16, 616),
(23, 617),
(8, 618),
(1, 619),
(27, 620),
(24, 621),
(4, 622),
(21, 623),
(26, 624),
(2, 625),
(15, 626),
(21, 627),
(25, 628),
(10, 629),
(26, 630),
(23, 631),
(17, 632),
(14, 633),
(8, 634),
(8, 635),
(19, 636),
(20, 637),
(27, 638),
(20, 639),
(6, 640),
(5, 641),
(14, 642),
(18, 643),
(10, 644),
(22, 645),
(6, 646),
(21, 647),
(1, 648),
(2, 649),
(18, 650),
(15, 651),
(2, 652),
(15, 653),
(8, 654),
(3, 655),
(5, 656),
(25, 657),
(16, 658),
(6, 659),
(27, 660),
(19, 661),
(2, 662),
(10, 663),
(25, 664),
(3, 665),
(12, 666),
(11, 667),
(15, 668),
(9, 669),
(14, 670),
(19, 671),
(12, 672),
(22, 673),
(21, 674),
(25, 675),
(28, 676),
(8, 677),
(22, 678),
(18, 679),
(28, 680),
(26, 681),
(15, 682),
(13, 683),
(28, 684),
(14, 685),
(7, 686),
(18, 687),
(2, 688),
(6, 689),
(8, 690),
(21, 691),
(1, 692),
(22, 693),
(13, 694),
(14, 695),
(20, 696),
(3, 697),
(28, 698),
(23, 699),
(22, 700),
(2, 701),
(23, 702),
(4, 703),
(22, 704),
(23, 705),
(6, 706),
(21, 707),
(29, 708),
(5, 709),
(24, 710),
(12, 711),
(9, 712),
(3, 713),
(25, 714),
(10, 715),
(18, 716),
(28, 717),
(23, 718),
(16, 719),
(4, 720),
(9, 721),
(14, 722),
(7, 723),
(9, 724),
(22, 725),
(26, 726),
(16, 727),
(25, 728),
(6, 729),
(15, 730),
(11, 731),
(3, 732),
(1, 733),
(11, 734),
(22, 735),
(23, 736),
(22, 737),
(12, 738),
(16, 739),
(12, 740),
(16, 741),
(18, 742),
(14, 743),
(6, 744),
(19, 745),
(27, 746),
(21, 747),
(4, 748),
(16, 749),
(17, 750),
(21, 751),
(27, 752),
(13, 753),
(1, 754),
(28, 755),
(4, 756),
(1, 757),
(9, 758),
(11, 759),
(5, 760),
(25, 761),
(13, 762),
(6, 763),
(11, 764),
(7, 765),
(15, 766),
(27, 767),
(29, 768),
(6, 769),
(18, 770),
(18, 771),
(13, 772),
(11, 773),
(14, 774),
(9, 775),
(8, 776),
(3, 777),
(26, 778),
(20, 779),
(11, 780),
(20, 781),
(13, 782),
(27, 783),
(9, 784),
(26, 785),
(29, 786),
(27, 787),
(23, 788),
(16, 789),
(14, 790),
(25, 791),
(2, 792),
(10, 793),
(20, 794),
(8, 795),
(16, 796),
(10, 797),
(22, 798),
(7, 799),
(23, 800),
(20, 801),
(4, 802),
(23, 803),
(4, 804),
(1, 805),
(26, 806),
(7, 807),
(14, 808),
(24, 809),
(20, 810),
(12, 811),
(3, 812),
(29, 813),
(27, 814),
(18, 815),
(15, 816),
(28, 817),
(24, 818),
(15, 819),
(22, 820),
(13, 821),
(7, 822),
(15, 823),
(17, 824),
(21, 825),
(18, 826),
(28, 827),
(21, 828),
(27, 829),
(12, 830),
(11, 831),
(7, 832),
(23, 833),
(25, 834),
(10, 835),
(2, 836),
(24, 837),
(23, 838),
(9, 839),
(6, 840),
(7, 841),
(24, 842),
(3, 843),
(7, 844),
(5, 845),
(7, 846),
(22, 847),
(28, 848),
(7, 849),
(3, 850),
(19, 851),
(24, 852),
(24, 853),
(20, 854),
(18, 855),
(12, 856),
(7, 857),
(4, 858),
(9, 859),
(23, 860),
(20, 861),
(22, 862),
(6, 863),
(15, 864),
(24, 865),
(23, 866),
(1, 867),
(7, 868),
(7, 869),
(29, 870),
(8, 871),
(11, 872),
(3, 873),
(1, 874),
(4, 875),
(13, 876),
(26, 877),
(4, 878),
(1, 879),
(27, 880),
(8, 881),
(11, 882),
(22, 883),
(5, 884),
(27, 885),
(1, 886),
(10, 887),
(11, 888),
(28, 889),
(6, 890),
(4, 891),
(26, 892),
(15, 893),
(28, 894),
(24, 895),
(1, 896),
(8, 897),
(6, 898),
(9, 899),
(13, 900),
(26, 901),
(28, 902),
(3, 903),
(2, 904),
(14, 905),
(11, 906),
(11, 907),
(25, 908),
(8, 909),
(12, 910),
(7, 911),
(20, 912),
(9, 913),
(6, 914),
(8, 915),
(14, 916),
(14, 917),
(10, 918),
(7, 919),
(1, 920),
(20, 921),
(11, 922),
(14, 923),
(12, 924),
(22, 925),
(21, 926),
(11, 927),
(15, 928),
(23, 929),
(22, 930),
(3, 931),
(19, 932),
(4, 933),
(26, 934),
(12, 935),
(9, 936),
(18, 937),
(11, 938),
(26, 939),
(5, 940),
(5, 941),
(9, 942),
(28, 943),
(25, 944),
(7, 945),
(13, 946),
(14, 947),
(28, 948),
(4, 949),
(18, 950),
(1, 951),
(16, 952),
(27, 953),
(22, 954),
(18, 955),
(7, 956),
(1, 957),
(25, 958),
(21, 959),
(16, 960),
(14, 961),
(29, 962),
(13, 963),
(24, 964),
(21, 965),
(24, 966),
(13, 967),
(29, 968),
(7, 969),
(25, 970),
(22, 971),
(29, 972),
(3, 973),
(12, 974),
(17, 975),
(27, 976),
(4, 977),
(1, 978),
(6, 979),
(24, 980),
(13, 981),
(11, 982),
(13, 983),
(27, 984),
(13, 985),
(7, 986),
(24, 987),
(1, 988),
(2, 989),
(7, 990),
(11, 991),
(9, 992),
(5, 993),
(2, 994),
(18, 995),
(22, 996),
(23, 997),
(6, 998),
(2, 999),
(7, 1000),
(28, 1001),
(8, 1002),
(7, 1003),
(10, 1004),
(9, 1005),
(21, 1006),
(6, 1007),
(4, 1008),
(16, 1009),
(17, 1010),
(9, 1011),
(17, 1012),
(28, 1013),
(29, 1014),
(18, 1015),
(7, 1016),
(22, 1017),
(23, 1018),
(20, 1019),
(1, 1020),
(24, 1021),
(1, 1022),
(1, 1023),
(10, 1024),
(6, 1025),
(22, 1026),
(15, 1027),
(16, 1028),
(3, 1029),
(21, 1030),
(7, 1031),
(23, 1032),
(5, 1033),
(7, 1034),
(6, 1035),
(10, 1036),
(26, 1037),
(27, 1038),
(10, 1039),
(14, 1040),
(18, 1041),
(21, 1042),
(24, 1043),
(12, 1044),
(14, 1045),
(25, 1046),
(14, 1047),
(13, 1048),
(29, 1049),
(3, 1050),
(20, 1051),
(26, 1052),
(28, 1053),
(4, 1054),
(27, 1055),
(28, 1056),
(9, 1057),
(15, 1058),
(4, 1059),
(25, 1060),
(10, 1061),
(5, 1062),
(16, 1063),
(28, 1064),
(26, 1065),
(11, 1066),
(21, 1067),
(14, 1068),
(11, 1069),
(29, 1070),
(13, 1071),
(5, 1072),
(22, 1073),
(8, 1074),
(26, 1075),
(22, 1076),
(17, 1077),
(8, 1078),
(14, 1079),
(3, 1080),
(4, 1081),
(19, 1082),
(27, 1083),
(28, 1084),
(11, 1085),
(22, 1086),
(17, 1087),
(19, 1088),
(25, 1089),
(5, 1090),
(14, 1091),
(23, 1092),
(2, 1093),
(23, 1094),
(2, 1095),
(14, 1096),
(2, 1097),
(6, 1098),
(25, 1099),
(22, 1100),
(18, 1101),
(27, 1102),
(22, 1103),
(3, 1104),
(9, 1105),
(26, 1106),
(19, 1107),
(2, 1108),
(21, 1109),
(1, 1110),
(17, 1111),
(21, 1112),
(8, 1113),
(20, 1114),
(2, 1115),
(14, 1116),
(7, 1117),
(14, 1118),
(3, 1119),
(19, 1120),
(7, 1121),
(15, 1122),
(16, 1123),
(23, 1124),
(15, 1125),
(20, 1126),
(12, 1127),
(25, 1128),
(2, 1129),
(18, 1130),
(29, 1131),
(7, 1132),
(16, 1133),
(28, 1134),
(18, 1135),
(20, 1136),
(26, 1137),
(28, 1138),
(10, 1139),
(2, 1140),
(1, 1141),
(24, 1142),
(14, 1143),
(28, 1144),
(8, 1145),
(21, 1146),
(22, 1147),
(18, 1148),
(1, 1149),
(14, 1150),
(6, 1151),
(2, 1152),
(14, 1153),
(6, 1154),
(20, 1155),
(26, 1156),
(25, 1157),
(21, 1158),
(7, 1159),
(25, 1160),
(12, 1161),
(5, 1162),
(2, 1163),
(27, 1164),
(24, 1165),
(22, 1166),
(23, 1167),
(29, 1168),
(6, 1169),
(17, 1170),
(24, 1171),
(2, 1172),
(23, 1173),
(9, 1174),
(2, 1175),
(10, 1176),
(16, 1177),
(6, 1178),
(26, 1179),
(28, 1180),
(29, 1181),
(23, 1182),
(24, 1183),
(29, 1184),
(9, 1185),
(5, 1186),
(7, 1187),
(10, 1188),
(19, 1189),
(11, 1190),
(21, 1191),
(9, 1192),
(25, 1193),
(3, 1194),
(7, 1195),
(22, 1196),
(29, 1197),
(27, 1198),
(6, 1199),
(29, 1200),
(8, 1201),
(3, 1202),
(9, 1203),
(17, 1204),
(29, 1205),
(5, 1206),
(7, 1207),
(6, 1208),
(11, 1209),
(11, 1210),
(19, 1211),
(3, 1212),
(24, 1213),
(4, 1214),
(29, 1215),
(1, 1216),
(7, 1217),
(28, 1218),
(7, 1219),
(3, 1220),
(16, 1221),
(1, 1222),
(10, 1223),
(29, 1224),
(13, 1225),
(7, 1226),
(24, 1227),
(27, 1228),
(15, 1229),
(29, 1230),
(20, 1231),
(8, 1232),
(14, 1233),
(12, 1234),
(5, 1235),
(2, 1236),
(8, 1237),
(12, 1238),
(22, 1239),
(23, 1240),
(3, 1241),
(13, 1242),
(7, 1243),
(21, 1244),
(13, 1245),
(24, 1246),
(24, 1247),
(25, 1248),
(2, 1249),
(13, 1250),
(15, 1251),
(28, 1252),
(10, 1253),
(16, 1254),
(6, 1255),
(5, 1256),
(6, 1257),
(8, 1258),
(12, 1259),
(11, 1260),
(20, 1261),
(11, 1262),
(13, 1263),
(21, 1264),
(12, 1265),
(4, 1266),
(9, 1267),
(6, 1268),
(23, 1269),
(3, 1270),
(15, 1271),
(16, 1272),
(22, 1273),
(28, 1274),
(11, 1275),
(14, 1276),
(8, 1277),
(27, 1278),
(23, 1279),
(10, 1280),
(12, 1281),
(26, 1282),
(2, 1283),
(24, 1284),
(29, 1285),
(27, 1286),
(6, 1287),
(23, 1288),
(20, 1289),
(10, 1290),
(3, 1291),
(21, 1292),
(24, 1293),
(20, 1294),
(3, 1295),
(19, 1296),
(10, 1297),
(13, 1298),
(15, 1299),
(6, 1300),
(22, 1301),
(5, 1302),
(4, 1303),
(28, 1304),
(1, 1305),
(18, 1306),
(19, 1307),
(25, 1308),
(17, 1309),
(22, 1310),
(7, 1311),
(19, 1312),
(26, 1313),
(2, 1314),
(20, 1315),
(3, 1316),
(8, 1317),
(11, 1318),
(22, 1319),
(14, 1320),
(7, 1321),
(23, 1322),
(12, 1323),
(3, 1324),
(2, 1325),
(9, 1326),
(20, 1327),
(6, 1328),
(17, 1329),
(17, 1330),
(5, 1331),
(12, 1332),
(26, 1333),
(18, 1334),
(14, 1335),
(9, 1336),
(9, 1337),
(28, 1338),
(9, 1339),
(11, 1340),
(5, 1341),
(14, 1342),
(8, 1343),
(22, 1344),
(3, 1345),
(23, 1346),
(17, 1347),
(13, 1348),
(12, 1349),
(12, 1350),
(14, 1351),
(14, 1352),
(27, 1353),
(6, 1354),
(26, 1355),
(19, 1356),
(24, 1357),
(7, 1358),
(10, 1359),
(24, 1360),
(20, 1361),
(11, 1362),
(5, 1363),
(1, 1364),
(11, 1365),
(24, 1366),
(22, 1367),
(24, 1368),
(2, 1369),
(18, 1370),
(11, 1371),
(27, 1372),
(4, 1373),
(5, 1374),
(20, 1375),
(1, 1376),
(1, 1377),
(16, 1378),
(18, 1379),
(24, 1380),
(29, 1381),
(19, 1382),
(15, 1383),
(26, 1384),
(7, 1385),
(20, 1386),
(15, 1387),
(29, 1388),
(29, 1389),
(4, 1390),
(18, 1391),
(5, 1392),
(25, 1393),
(1, 1394),
(4, 1395),
(16, 1396),
(25, 1397),
(4, 1398),
(24, 1399),
(3, 1400),
(16, 1401),
(24, 1402),
(21, 1403),
(14, 1404),
(7, 1405),
(25, 1406),
(9, 1407),
(11, 1408),
(27, 1409),
(19, 1410),
(17, 1411),
(19, 1412),
(9, 1413),
(8, 1414),
(21, 1415),
(6, 1416),
(23, 1417),
(12, 1418),
(23, 1419),
(1, 1420),
(8, 1421),
(16, 1422),
(24, 1423),
(4, 1424),
(29, 1425),
(13, 1426),
(26, 1427),
(22, 1428),
(23, 1429),
(25, 1430),
(14, 1431),
(22, 1432),
(13, 1433),
(26, 1434),
(22, 1435),
(4, 1436),
(5, 1437),
(4, 1438),
(17, 1439),
(8, 1440),
(3, 1441),
(9, 1442),
(22, 1443),
(11, 1444),
(20, 1445),
(5, 1446),
(9, 1447),
(4, 1448),
(8, 1449),
(10, 1450),
(17, 1451),
(29, 1452),
(13, 1453),
(19, 1454),
(19, 1455),
(5, 1456),
(18, 1457),
(6, 1458),
(5, 1459),
(18, 1460),
(3, 1461),
(9, 1462),
(8, 1463),
(9, 1464),
(6, 1465),
(7, 1466),
(1, 1467),
(2, 1468),
(4, 1469),
(18, 1470),
(8, 1471),
(10, 1472),
(2, 1473),
(1, 1474),
(21, 1475),
(3, 1476),
(8, 1477),
(5, 1478),
(21, 1479),
(15, 1480),
(21, 1481),
(12, 1482),
(29, 1483),
(20, 1484),
(13, 1485),
(27, 1486),
(6, 1487),
(27, 1488),
(5, 1489),
(16, 1490),
(14, 1491),
(26, 1492),
(26, 1493),
(5, 1494),
(18, 1495),
(9, 1496),
(11, 1497),
(15, 1498),
(11, 1499),
(4, 1500),
(27, 1501),
(4, 1502),
(15, 1503),
(29, 1504),
(1, 1505),
(16, 1506),
(15, 1507),
(19, 1508),
(28, 1509),
(15, 1510),
(22, 1511),
(19, 1512),
(2, 1513),
(16, 1514),
(12, 1515),
(4, 1516),
(6, 1517),
(7, 1518),
(1, 1519),
(1, 1520),
(17, 1521),
(27, 1522),
(11, 1523),
(16, 1524),
(19, 1525),
(6, 1526),
(22, 1527),
(19, 1528),
(5, 1529),
(28, 1530),
(4, 1531),
(14, 1532),
(29, 1533),
(21, 1534),
(5, 1535),
(10, 1536),
(20, 1537),
(21, 1538),
(24, 1539),
(24, 1540),
(18, 1541),
(19, 1542),
(24, 1543),
(25, 1544),
(20, 1545),
(16, 1546),
(25, 1547),
(10, 1548),
(28, 1549),
(6, 1550),
(19, 1551),
(7, 1552),
(3, 1553),
(8, 1554),
(24, 1555),
(24, 1556),
(15, 1557),
(29, 1558),
(13, 1559),
(13, 1560),
(7, 1561),
(6, 1562),
(15, 1563),
(14, 1564),
(22, 1565),
(6, 1566),
(11, 1567),
(15, 1568),
(26, 1569),
(16, 1570),
(19, 1571),
(23, 1572),
(17, 1573),
(4, 1574),
(21, 1575),
(3, 1576),
(20, 1577),
(15, 1578),
(24, 1579),
(9, 1580),
(24, 1581),
(21, 1582),
(6, 1583),
(18, 1584),
(11, 1585),
(7, 1586),
(2, 1587),
(1, 1588),
(26, 1589),
(7, 1590),
(19, 1591),
(19, 1592),
(2, 1593),
(28, 1594),
(17, 1595),
(24, 1596),
(12, 1597),
(22, 1598),
(5, 1599),
(29, 1600),
(1, 1601),
(29, 1602),
(2, 1603),
(26, 1604),
(10, 1605),
(2, 1606),
(7, 1607),
(6, 1608),
(27, 1609),
(4, 1610),
(27, 1611),
(10, 1612),
(13, 1613),
(23, 1614),
(9, 1615),
(8, 1616),
(19, 1617),
(25, 1618),
(9, 1619),
(8, 1620),
(9, 1621),
(28, 1622),
(11, 1623),
(11, 1624),
(1, 1625),
(12, 1626),
(5, 1627),
(4, 1628),
(19, 1629),
(28, 1630),
(23, 1631),
(13, 1632),
(13, 1633),
(13, 1634),
(9, 1635),
(17, 1636),
(12, 1637),
(12, 1638),
(14, 1639),
(26, 1640),
(15, 1641),
(25, 1642),
(5, 1643),
(20, 1644),
(6, 1645),
(15, 1646),
(6, 1647),
(3, 1648),
(14, 1649),
(11, 1650),
(6, 1651),
(20, 1652),
(13, 1653),
(8, 1654),
(3, 1655),
(6, 1656),
(7, 1657),
(12, 1658),
(2, 1659),
(10, 1660),
(1, 1661),
(24, 1662),
(21, 1663),
(16, 1664),
(1, 1665),
(20, 1666),
(6, 1667),
(24, 1668),
(21, 1669),
(24, 1670),
(4, 1671),
(16, 1672),
(21, 1673),
(12, 1674),
(10, 1675),
(4, 1676),
(11, 1677),
(16, 1678),
(9, 1679),
(26, 1680),
(10, 1681),
(8, 1682),
(1, 1683),
(22, 1684),
(15, 1685),
(6, 1686),
(4, 1687),
(26, 1688),
(9, 1689),
(9, 1690),
(18, 1691),
(28, 1692),
(5, 1693),
(14, 1694),
(10, 1695),
(8, 1696),
(6, 1697),
(9, 1698),
(17, 1699),
(7, 1700),
(27, 1701),
(20, 1702),
(3, 1703),
(21, 1704),
(23, 1705),
(20, 1706),
(16, 1707),
(9, 1708),
(18, 1709),
(16, 1710),
(22, 1711),
(20, 1712),
(26, 1713),
(23, 1714),
(19, 1715),
(27, 1716),
(24, 1717),
(21, 1718),
(11, 1719),
(5, 1720),
(13, 1721),
(22, 1722),
(14, 1723),
(29, 1724),
(15, 1725),
(17, 1726),
(22, 1727),
(9, 1728),
(3, 1729),
(29, 1730),
(4, 1731),
(6, 1732),
(7, 1733),
(8, 1734),
(6, 1735),
(10, 1736),
(8, 1737),
(19, 1738),
(5, 1739),
(21, 1740),
(26, 1741),
(2, 1742),
(9, 1743),
(8, 1744),
(4, 1745),
(7, 1746),
(5, 1747),
(11, 1748),
(20, 1749),
(8, 1750),
(7, 1751),
(28, 1752),
(26, 1753),
(24, 1754),
(15, 1755),
(12, 1756),
(6, 1757),
(16, 1758),
(23, 1759),
(24, 1760),
(29, 1761),
(9, 1762),
(16, 1763),
(18, 1764),
(8, 1765),
(9, 1766),
(17, 1767),
(29, 1768),
(16, 1769),
(21, 1770),
(28, 1771),
(15, 1772),
(8, 1773),
(13, 1774),
(18, 1775),
(3, 1776),
(1, 1777),
(6, 1778),
(11, 1779),
(9, 1780),
(11, 1781),
(9, 1782),
(29, 1783),
(23, 1784),
(16, 1785),
(18, 1786),
(7, 1787),
(28, 1788),
(7, 1789),
(11, 1790),
(6, 1791),
(8, 1792),
(29, 1793),
(20, 1794),
(24, 1795),
(6, 1796),
(10, 1797),
(20, 1798),
(21, 1799),
(6, 1800),
(12, 1801),
(5, 1802),
(16, 1803),
(5, 1804),
(14, 1805),
(13, 1806),
(17, 1807),
(8, 1808),
(8, 1809),
(8, 1810),
(3, 1811),
(2, 1812),
(17, 1813),
(7, 1814),
(5, 1815),
(8, 1816),
(23, 1817),
(19, 1818),
(6, 1819),
(26, 1820),
(23, 1821),
(15, 1822),
(12, 1823),
(24, 1824),
(27, 1825),
(19, 1826),
(21, 1827),
(28, 1828),
(25, 1829),
(17, 1830),
(9, 1831),
(16, 1832),
(10, 1833),
(3, 1834),
(24, 1835),
(17, 1836),
(5, 1837),
(13, 1838),
(28, 1839),
(1, 1840),
(10, 1841),
(20, 1842),
(25, 1843),
(2, 1844),
(27, 1845),
(13, 1846),
(6, 1847),
(8, 1848),
(16, 1849),
(29, 1850),
(21, 1851),
(7, 1852),
(29, 1853),
(4, 1854),
(3, 1855),
(16, 1856),
(16, 1857),
(4, 1858),
(23, 1859),
(1, 1860),
(3, 1861),
(14, 1862),
(26, 1863),
(9, 1864),
(12, 1865),
(8, 1866),
(2, 1867),
(10, 1868),
(26, 1869),
(15, 1870),
(11, 1871),
(3, 1872),
(27, 1873),
(20, 1874),
(25, 1875),
(9, 1876),
(23, 1877),
(21, 1878),
(17, 1879),
(21, 1880),
(23, 1881),
(10, 1882),
(1, 1883),
(9, 1884),
(23, 1885),
(12, 1886),
(10, 1887),
(11, 1888),
(29, 1889),
(15, 1890),
(8, 1891),
(13, 1892),
(6, 1893),
(26, 1894),
(5, 1895),
(1, 1896),
(1, 1897),
(17, 1898),
(28, 1899),
(8, 1900),
(27, 1901),
(12, 1902),
(14, 1903),
(21, 1904),
(8, 1905),
(17, 1906),
(7, 1907),
(21, 1908),
(15, 1909),
(28, 1910),
(29, 1911),
(10, 1912),
(2, 1913),
(8, 1914),
(12, 1915),
(5, 1916),
(28, 1917),
(15, 1918),
(26, 1919),
(26, 1920),
(12, 1921),
(8, 1922),
(12, 1923),
(17, 1924),
(7, 1925),
(29, 1926),
(5, 1927),
(27, 1928),
(19, 1929),
(13, 1930),
(1, 1931),
(7, 1932),
(22, 1933),
(24, 1934),
(8, 1935),
(20, 1936),
(6, 1937),
(19, 1938),
(11, 1939),
(14, 1940),
(18, 1941),
(27, 1942),
(23, 1943),
(28, 1944),
(11, 1945),
(7, 1946),
(21, 1947),
(22, 1948),
(21, 1949),
(1, 1950),
(21, 1951),
(18, 1952),
(28, 1953),
(10, 1954),
(7, 1955),
(16, 1956),
(23, 1957),
(20, 1958),
(28, 1959),
(17, 1960),
(18, 1961),
(17, 1962),
(6, 1963),
(7, 1964),
(15, 1965),
(29, 1966),
(25, 1967),
(17, 1968),
(27, 1969),
(18, 1970),
(20, 1971),
(17, 1972),
(13, 1973),
(12, 1974),
(21, 1975),
(22, 1976),
(9, 1977),
(4, 1978),
(5, 1979),
(26, 1980),
(8, 1981),
(24, 1982),
(23, 1983),
(12, 1984),
(26, 1985),
(17, 1986),
(3, 1987),
(27, 1988),
(17, 1989),
(22, 1990),
(14, 1991),
(1, 1992),
(17, 1993),
(6, 1994),
(21, 1995),
(17, 1996),
(17, 1997),
(15, 1998),
(9, 1999),
(12, 2000),
(19, 2001),
(6, 2002),
(18, 2003),
(19, 2004),
(26, 2005),
(18, 2006),
(25, 2007),
(29, 2008),
(12, 2009),
(19, 2010),
(11, 2011),
(25, 2012),
(19, 2013),
(24, 2014),
(2, 2015),
(4, 2016),
(3, 2017),
(16, 2018),
(28, 2019),
(21, 2020),
(18, 2021),
(16, 2022),
(18, 2023),
(3, 2024),
(27, 2025),
(4, 2026),
(11, 2027),
(18, 2028),
(29, 2029),
(14, 2030),
(26, 2031),
(16, 2032),
(26, 2033),
(28, 2034),
(21, 2035),
(6, 2036),
(21, 2037),
(24, 2038),
(29, 2039),
(23, 2040),
(24, 2041),
(18, 2042),
(16, 2043),
(27, 2044),
(28, 2045),
(6, 2046),
(27, 2047),
(23, 2048),
(21, 2049),
(9, 2050),
(17, 2051),
(22, 2052),
(5, 2053),
(13, 2054),
(16, 2055),
(23, 2056),
(13, 2057),
(10, 2058),
(21, 2059),
(10, 2060),
(10, 2061),
(18, 2062),
(11, 2063),
(16, 2064),
(10, 2065),
(10, 2066),
(4, 2067),
(26, 2068),
(19, 2069),
(6, 2070),
(28, 2071),
(17, 2072),
(1, 2073),
(21, 2074),
(3, 2075),
(11, 2076),
(22, 2077),
(29, 2078),
(16, 2079),
(15, 2080),
(1, 2081),
(24, 2082),
(6, 2083),
(26, 2084),
(10, 2085),
(4, 2086),
(13, 2087),
(4, 2088),
(14, 2089),
(26, 2090),
(23, 2091),
(18, 2092),
(13, 2093),
(1, 2094),
(24, 2095),
(22, 2096),
(28, 2097),
(4, 2098),
(9, 2099),
(3, 2100),
(2, 2101),
(29, 2102),
(10, 2103),
(27, 2104),
(6, 2105),
(8, 2106),
(5, 2107),
(20, 2108),
(19, 2109),
(15, 2110),
(23, 2111),
(5, 2112),
(23, 2113),
(10, 2114),
(8, 2115),
(29, 2116),
(23, 2117),
(22, 2118),
(5, 2119),
(3, 2120),
(28, 2121),
(22, 2122),
(2, 2123),
(9, 2124),
(8, 2125),
(26, 2126),
(12, 2127),
(21, 2128),
(10, 2129),
(27, 2130),
(29, 2131),
(25, 2132),
(27, 2133),
(23, 2134),
(19, 2135),
(25, 2136),
(10, 2137),
(17, 2138),
(29, 2139),
(24, 2140),
(8, 2141),
(16, 2142),
(7, 2143),
(27, 2144),
(14, 2145),
(2, 2146),
(17, 2147),
(26, 2148),
(19, 2149),
(11, 2150),
(15, 2151),
(2, 2152),
(5, 2153),
(8, 2154),
(12, 2155),
(28, 2156),
(18, 2157),
(16, 2158),
(19, 2159),
(1, 2160),
(2, 2161),
(4, 2162),
(11, 2163),
(1, 2164),
(20, 2165),
(8, 2166),
(8, 2167),
(4, 2168),
(1, 2169),
(3, 2170),
(24, 2171),
(2, 2172),
(12, 2173),
(12, 2174),
(12, 2175),
(11, 2176),
(2, 2177),
(7, 2178),
(15, 2179),
(12, 2180),
(25, 2181),
(21, 2182),
(13, 2183),
(3, 2184),
(7, 2185),
(16, 2186),
(20, 2187),
(16, 2188),
(22, 2189),
(25, 2190),
(23, 2191),
(15, 2192),
(21, 2193),
(25, 2194),
(13, 2195),
(12, 2196),
(20, 2197),
(2, 2198),
(5, 2199),
(26, 2200),
(6, 2201),
(9, 2202),
(19, 2203),
(25, 2204),
(8, 2205),
(11, 2206),
(12, 2207),
(17, 2208),
(28, 2209),
(9, 2210),
(21, 2211),
(4, 2212),
(12, 2213),
(9, 2214),
(25, 2215),
(26, 2216),
(6, 2217),
(11, 2218),
(6, 2219),
(15, 2220),
(21, 2221),
(21, 2222),
(13, 2223),
(12, 2224),
(25, 2225),
(14, 2226),
(26, 2227),
(20, 2228),
(26, 2229),
(24, 2230),
(15, 2231),
(17, 2232),
(12, 2233),
(16, 2234),
(25, 2235),
(27, 2236),
(12, 2237),
(13, 2238),
(18, 2239),
(19, 2240),
(5, 2241),
(11, 2242),
(24, 2243),
(28, 2244),
(7, 2245),
(15, 2246),
(5, 2247),
(20, 2248),
(12, 2249),
(4, 2250),
(20, 2251),
(1, 2252),
(4, 2253),
(27, 2254),
(16, 2255),
(1, 2256),
(7, 2257),
(1, 2258),
(26, 2259),
(1, 2260),
(13, 2261),
(18, 2262),
(19, 2263),
(4, 2264),
(1, 2265),
(2, 2266),
(8, 2267),
(24, 2268),
(10, 2269),
(4, 2270),
(24, 2271),
(10, 2272),
(21, 2273),
(28, 2274),
(17, 2275),
(3, 2276),
(5, 2277),
(6, 2278),
(22, 2279),
(18, 2280),
(22, 2281),
(4, 2282),
(11, 2283),
(20, 2284),
(7, 2285),
(6, 2286),
(15, 2287),
(18, 2288),
(17, 2289),
(5, 2290),
(9, 2291),
(8, 2292),
(1, 2293),
(16, 2294),
(13, 2295),
(6, 2296),
(1, 2297),
(18, 2298),
(13, 2299),
(17, 2300),
(26, 2301),
(27, 2302),
(11, 2303),
(3, 2304),
(11, 2305),
(25, 2306),
(6, 2307),
(13, 2308),
(29, 2309),
(15, 2310),
(28, 2311),
(4, 2312),
(17, 2313),
(4, 2314),
(13, 2315),
(3, 2316),
(8, 2317),
(13, 2318),
(18, 2319),
(10, 2320),
(5, 2321),
(9, 2322),
(8, 2323),
(11, 2324),
(1, 2325),
(18, 2326),
(16, 2327),
(28, 2328),
(19, 2329),
(28, 2330),
(3, 2331),
(13, 2332),
(13, 2333),
(13, 2334),
(28, 2335),
(6, 2336),
(13, 2337),
(17, 2338),
(24, 2339),
(25, 2340),
(3, 2341),
(20, 2342),
(1, 2343),
(25, 2344),
(21, 2345),
(6, 2346),
(18, 2347),
(3, 2348),
(22, 2349),
(14, 2350),
(22, 2351),
(21, 2352),
(29, 2353),
(23, 2354),
(22, 2355),
(25, 2356),
(7, 2357),
(29, 2358),
(10, 2359),
(1, 2360),
(20, 2361),
(25, 2362),
(27, 2363),
(11, 2364),
(22, 2365),
(6, 2366),
(3, 2367),
(7, 2368),
(4, 2369),
(18, 2370),
(13, 2371),
(1, 2372),
(3, 2373),
(14, 2374),
(20, 2375),
(16, 2376),
(15, 2377),
(17, 2378),
(2, 2379),
(28, 2380),
(15, 2381),
(18, 2382),
(6, 2383),
(4, 2384),
(2, 2385),
(20, 2386),
(14, 2387),
(25, 2388),
(16, 2389),
(5, 2390),
(22, 2391),
(10, 2392),
(25, 2393),
(6, 2394),
(16, 2395),
(5, 2396),
(20, 2397),
(21, 2398),
(13, 2399),
(24, 2400),
(27, 2401),
(7, 2402),
(27, 2403),
(15, 2404),
(22, 2405),
(17, 2406),
(12, 2407),
(10, 2408),
(18, 2409),
(4, 2410),
(15, 2411),
(1, 2412),
(17, 2413),
(27, 2414),
(27, 2415),
(18, 2416),
(26, 2417),
(14, 2418),
(8, 2419),
(3, 2420),
(6, 2421),
(20, 2422),
(17, 2423),
(26, 2424),
(9, 2425),
(12, 2426),
(27, 2427),
(9, 2428),
(14, 2429),
(14, 2430),
(24, 2431),
(15, 2432),
(5, 2433),
(12, 2434),
(10, 2435),
(22, 2436),
(9, 2437),
(12, 2438),
(20, 2439),
(12, 2440),
(13, 2441),
(22, 2442),
(19, 2443),
(10, 2444),
(15, 2445),
(15, 2446),
(27, 2447),
(1, 2448),
(12, 2449),
(7, 2450),
(12, 2451),
(7, 2452),
(29, 2453),
(1, 2454),
(28, 2455),
(4, 2456),
(16, 2457),
(3, 2458),
(18, 2459),
(23, 2460),
(2, 2461),
(14, 2462),
(3, 2463),
(2, 2464),
(3, 2465),
(5, 2466),
(16, 2467),
(25, 2468),
(23, 2469),
(3, 2470),
(19, 2471),
(13, 2472),
(9, 2473),
(8, 2474),
(20, 2475),
(27, 2476),
(23, 2477),
(28, 2478),
(28, 2479),
(12, 2480),
(29, 2481),
(28, 2482),
(8, 2483),
(17, 2484),
(27, 2485),
(24, 2486),
(29, 2487),
(28, 2488),
(15, 2489),
(1, 2490),
(23, 2491),
(11, 2492),
(23, 2493),
(26, 2494),
(18, 2495),
(24, 2496),
(29, 2497),
(26, 2498),
(1, 2499),
(2, 2500),
(26, 2501),
(20, 2502),
(28, 2503),
(2, 2504),
(21, 2505),
(11, 2506),
(13, 2507),
(27, 2508),
(23, 2509),
(8, 2510),
(9, 2511),
(12, 2512),
(20, 2513),
(5, 2514),
(12, 2515),
(26, 2516),
(1, 2517),
(29, 2518),
(26, 2519),
(23, 2520),
(3, 2521),
(4, 2522),
(1, 2523),
(27, 2524),
(8, 2525),
(3, 2526),
(13, 2527),
(16, 2528),
(17, 2529),
(4, 2530),
(26, 2531),
(27, 2532),
(23, 2533),
(21, 2534),
(26, 2535),
(21, 2536),
(23, 2537),
(26, 2538),
(6, 2539),
(3, 2540),
(20, 2541),
(26, 2542),
(5, 2543),
(7, 2544),
(25, 2545),
(20, 2546),
(18, 2547),
(16, 2548),
(15, 2549),
(17, 2550),
(3, 2551),
(3, 2552),
(16, 2553),
(3, 2554),
(23, 2555),
(7, 2556),
(17, 2557),
(19, 2558),
(20, 2559),
(4, 2560),
(23, 2561),
(17, 2562),
(8, 2563),
(11, 2564),
(13, 2565),
(29, 2566),
(19, 2567),
(12, 2568),
(26, 2569),
(14, 2570),
(9, 2571),
(24, 2572),
(22, 2573),
(29, 2574),
(26, 2575),
(21, 2576),
(27, 2577),
(24, 2578),
(13, 2579),
(21, 2580),
(28, 2581),
(17, 2582),
(21, 2583),
(25, 2584),
(14, 2585),
(26, 2586),
(20, 2587),
(20, 2588),
(16, 2589),
(29, 2590),
(25, 2591),
(3, 2592),
(17, 2593),
(7, 2594),
(25, 2595),
(10, 2596),
(1, 2597),
(14, 2598),
(1, 2599),
(11, 2600),
(27, 2601),
(6, 2602),
(20, 2603),
(29, 2604),
(25, 2605),
(3, 2606),
(19, 2607),
(16, 2608),
(13, 2609),
(21, 2610),
(28, 2611),
(7, 2612),
(1, 2613),
(29, 2614),
(12, 2615),
(18, 2616),
(28, 2617),
(22, 2618),
(13, 2619),
(20, 2620),
(16, 2621),
(27, 2622),
(25, 2623),
(25, 2624),
(7, 2625),
(27, 2626),
(22, 2627),
(14, 2628),
(19, 2629),
(16, 2630),
(5, 2631),
(6, 2632),
(6, 2633),
(20, 2634),
(24, 2635),
(9, 2636),
(10, 2637),
(25, 2638),
(15, 2639),
(29, 2640),
(14, 2641),
(24, 2642),
(16, 2643),
(9, 2644),
(8, 2645),
(9, 2646),
(6, 2647),
(14, 2648),
(25, 2649),
(6, 2650),
(24, 2651),
(28, 2652),
(9, 2653),
(19, 2654),
(25, 2655),
(14, 2656),
(19, 2657),
(1, 2658),
(12, 2659),
(3, 2660),
(8, 2661),
(18, 2662),
(24, 2663),
(29, 2664),
(8, 2665),
(10, 2666),
(23, 2667),
(27, 2668),
(25, 2669),
(2, 2670),
(13, 2671),
(20, 2672),
(2, 2673),
(25, 2674),
(5, 2675),
(18, 2676),
(5, 2677),
(1, 2678),
(22, 2679),
(18, 2680),
(14, 2681),
(20, 2682),
(24, 2683),
(7, 2684),
(2, 2685),
(29, 2686),
(22, 2687),
(16, 2688),
(6, 2689),
(12, 2690),
(6, 2691),
(9, 2692),
(2, 2693),
(24, 2694),
(15, 2695),
(24, 2696),
(13, 2697),
(28, 2698),
(21, 2699),
(4, 2700),
(24, 2701),
(1, 2702),
(22, 2703),
(18, 2704),
(1, 2705),
(25, 2706),
(26, 2707),
(21, 2708),
(15, 2709),
(18, 2710),
(27, 2711),
(26, 2712),
(13, 2713),
(2, 2714),
(9, 2715),
(6, 2716),
(1, 2717),
(19, 2718),
(14, 2719),
(17, 2720),
(14, 2721),
(19, 2722),
(22, 2723),
(23, 2724),
(18, 2725),
(29, 2726),
(9, 2727),
(22, 2728),
(27, 2729),
(12, 2730),
(10, 2731),
(16, 2732),
(26, 2733),
(6, 2734),
(23, 2735),
(16, 2736),
(2, 2737),
(17, 2738),
(12, 2739),
(20, 2740),
(2, 2741),
(17, 2742),
(13, 2743),
(20, 2744),
(21, 2745),
(15, 2746),
(20, 2747),
(19, 2748),
(28, 2749),
(4, 2750),
(2, 2751),
(9, 2752),
(17, 2753),
(14, 2754),
(27, 2755),
(8, 2756),
(26, 2757),
(27, 2758),
(16, 2759),
(17, 2760),
(25, 2761),
(23, 2762),
(1, 2763),
(7, 2764),
(18, 2765),
(25, 2766),
(28, 2767),
(17, 2768),
(2, 2769),
(29, 2770),
(6, 2771),
(27, 2772),
(6, 2773),
(26, 2774),
(24, 2775),
(3, 2776),
(6, 2777),
(23, 2778),
(28, 2779),
(25, 2780),
(3, 2781),
(17, 2782),
(13, 2783),
(11, 2784),
(17, 2785),
(17, 2786),
(23, 2787),
(15, 2788),
(3, 2789),
(26, 2790),
(1, 2791),
(8, 2792),
(3, 2793),
(17, 2794),
(20, 2795),
(11, 2796),
(21, 2797),
(6, 2798),
(18, 2799),
(29, 2800),
(18, 2801),
(7, 2802),
(16, 2803),
(7, 2804),
(4, 2805),
(17, 2806),
(21, 2807),
(9, 2808),
(1, 2809),
(15, 2810),
(27, 2811),
(10, 2812),
(8, 2813),
(25, 2814),
(25, 2815),
(12, 2816),
(3, 2817),
(15, 2818),
(27, 2819),
(22, 2820),
(24, 2821),
(11, 2822),
(9, 2823),
(12, 2824),
(22, 2825),
(7, 2826),
(13, 2827),
(2, 2828),
(2, 2829),
(21, 2830),
(22, 2831),
(7, 2832),
(26, 2833),
(16, 2834),
(1, 2835),
(9, 2836),
(9, 2837),
(17, 2838),
(7, 2839),
(6, 2840),
(22, 2841),
(27, 2842),
(23, 2843),
(22, 2844),
(11, 2845),
(6, 2846),
(13, 2847),
(2, 2848),
(8, 2849),
(28, 2850),
(4, 2851),
(1, 2852),
(19, 2853),
(3, 2854),
(10, 2855),
(28, 2856),
(6, 2857),
(29, 2858),
(28, 2859),
(9, 2860),
(13, 2861),
(22, 2862),
(16, 2863),
(11, 2864),
(17, 2865),
(25, 2866),
(9, 2867),
(6, 2868),
(25, 2869),
(27, 2870),
(24, 2871),
(11, 2872),
(6, 2873),
(23, 2874),
(24, 2875),
(3, 2876),
(28, 2877),
(22, 2878),
(25, 2879),
(21, 2880),
(29, 2881),
(3, 2882),
(5, 2883),
(26, 2884),
(20, 2885),
(7, 2886),
(9, 2887),
(10, 2888),
(12, 2889),
(25, 2890),
(17, 2891),
(11, 2892),
(5, 2893),
(6, 2894),
(8, 2895),
(18, 2896),
(10, 2897),
(5, 2898),
(28, 2899),
(9, 2900),
(12, 2901),
(3, 2902),
(6, 2903),
(3, 2904),
(2, 2905),
(13, 2906),
(11, 2907),
(28, 2908),
(5, 2909),
(15, 2910),
(15, 2911),
(25, 2912),
(8, 2913),
(13, 2914),
(22, 2915),
(16, 2916),
(22, 2917),
(28, 2918),
(19, 2919),
(18, 2920),
(10, 2921),
(27, 2922),
(10, 2923),
(7, 2924),
(6, 2925),
(23, 2926),
(13, 2927),
(4, 2928),
(6, 2929),
(13, 2930),
(22, 2931),
(10, 2932),
(11, 2933),
(18, 2934),
(15, 2935),
(26, 2936),
(9, 2937),
(8, 2938),
(6, 2939),
(13, 2940),
(25, 2941),
(18, 2942),
(21, 2943),
(10, 2944),
(26, 2945),
(24, 2946),
(29, 2947),
(26, 2948),
(11, 2949),
(4, 2950),
(19, 2951),
(1, 2952),
(23, 2953),
(26, 2954),
(9, 2955),
(15, 2956),
(12, 2957),
(4, 2958),
(10, 2959),
(5, 2960),
(15, 2961),
(23, 2962),
(1, 2963),
(23, 2964),
(4, 2965),
(29, 2966),
(26, 2967),
(28, 2968),
(6, 2969),
(15, 2970),
(27, 2971),
(28, 2972),
(29, 2973),
(19, 2974),
(9, 2975),
(11, 2976),
(14, 2977),
(11, 2978),
(27, 2979),
(5, 2980),
(11, 2981),
(11, 2982),
(23, 2983),
(25, 2984),
(8, 2985),
(24, 2986),
(10, 2987),
(12, 2988),
(29, 2989),
(14, 2990),
(14, 2991),
(9, 2992),
(27, 2993),
(21, 2994),
(12, 2995),
(17, 2996),
(17, 2997),
(21, 2998),
(4, 2999),
(9, 3000),
(11, 3001),
(24, 3002),
(25, 3003),
(10, 3004),
(9, 3005),
(13, 3006),
(10, 3007),
(3, 3008),
(16, 3009),
(11, 3010),
(8, 3011),
(17, 3012),
(16, 3013),
(8, 3014),
(18, 3015),
(8, 3016),
(10, 3017),
(4, 3018),
(26, 3019),
(3, 3020),
(15, 3021),
(13, 3022),
(23, 3023),
(5, 3024),
(19, 3025),
(23, 3026),
(24, 3027),
(22, 3028),
(4, 3029),
(25, 3030),
(21, 3031),
(21, 3032),
(7, 3033),
(23, 3034),
(26, 3035),
(12, 3036),
(7, 3037),
(27, 3038),
(7, 3039),
(7, 3040),
(29, 3041),
(19, 3042),
(19, 3043),
(11, 3044),
(16, 3045),
(25, 3046),
(3, 3047),
(23, 3048),
(2, 3049),
(3, 3050),
(5, 3051),
(5, 3052),
(15, 3053),
(5, 3054),
(15, 3055),
(1, 3056),
(3, 3057),
(12, 3058),
(17, 3059),
(22, 3060),
(18, 3061),
(12, 3062),
(2, 3063),
(6, 3064),
(12, 3065),
(3, 3066),
(24, 3067),
(16, 3068),
(29, 3069),
(13, 3070),
(1, 3071),
(2, 3072),
(20, 3073),
(20, 3074),
(21, 3075),
(29, 3076),
(10, 3077),
(14, 3078),
(19, 3079),
(18, 3080),
(22, 3081),
(2, 3082),
(13, 3083),
(15, 3084),
(7, 3085),
(13, 3086),
(25, 3087),
(6, 3088),
(22, 3089),
(28, 3090),
(26, 3091),
(19, 3092),
(24, 3093),
(13, 3094),
(24, 3095),
(18, 3096),
(26, 3097),
(10, 3098),
(26, 3099),
(18, 3100),
(2, 3101),
(1, 3102),
(27, 3103),
(18, 3104),
(16, 3105),
(25, 3106),
(28, 3107),
(19, 3108),
(10, 3109),
(18, 3110),
(28, 3111),
(15, 3112),
(29, 3113),
(14, 3114),
(25, 3115),
(9, 3116),
(24, 3117),
(14, 3118),
(12, 3119),
(3, 3120),
(28, 3121),
(3, 3122),
(18, 3123),
(28, 3124),
(24, 3125),
(1, 3126),
(25, 3127),
(19, 3128),
(27, 3129),
(23, 3130),
(15, 3131),
(7, 3132),
(22, 3133),
(6, 3134),
(29, 3135),
(3, 3136),
(18, 3137),
(24, 3138),
(7, 3139),
(27, 3140),
(11, 3141),
(9, 3142),
(22, 3143),
(23, 3144),
(25, 3145),
(24, 3146),
(2, 3147),
(11, 3148),
(7, 3149),
(18, 3150),
(9, 3151),
(27, 3152),
(16, 3153),
(13, 3154),
(1, 3155),
(6, 3156),
(4, 3157),
(21, 3158),
(2, 3159),
(24, 3160),
(13, 3161),
(18, 3162),
(8, 3163),
(2, 3164),
(4, 3165),
(25, 3166),
(11, 3167),
(20, 3168),
(16, 3169),
(9, 3170),
(5, 3171),
(28, 3172),
(15, 3173),
(13, 3174),
(27, 3175),
(17, 3176),
(9, 3177),
(25, 3178),
(19, 3179),
(20, 3180),
(6, 3181),
(11, 3182),
(6, 3183),
(14, 3184),
(5, 3185),
(10, 3186),
(7, 3187),
(7, 3188),
(14, 3189),
(2, 3190),
(18, 3191),
(27, 3192),
(23, 3193),
(12, 3194),
(5, 3195),
(17, 3196),
(8, 3197),
(14, 3198),
(12, 3199),
(10, 3200),
(7, 3201),
(1, 3202),
(4, 3203),
(12, 3204),
(9, 3205),
(25, 3206),
(25, 3207),
(8, 3208),
(5, 3209),
(8, 3210),
(8, 3211),
(6, 3212),
(18, 3213),
(24, 3214),
(23, 3215),
(9, 3216),
(6, 3217),
(29, 3218),
(14, 3219),
(17, 3220),
(11, 3221),
(21, 3222),
(16, 3223),
(23, 3224),
(11, 3225),
(19, 3226),
(7, 3227),
(27, 3228),
(12, 3229),
(18, 3230),
(8, 3231),
(6, 3232),
(24, 3233),
(28, 3234),
(3, 3235),
(8, 3236),
(9, 3237),
(26, 3238),
(1, 3239),
(14, 3240),
(26, 3241),
(10, 3242),
(10, 3243),
(24, 3244),
(27, 3245),
(3, 3246),
(14, 3247),
(26, 3248),
(22, 3249),
(21, 3250),
(25, 3251),
(29, 3252),
(15, 3253),
(7, 3254),
(9, 3255),
(29, 3256),
(2, 3257),
(19, 3258),
(3, 3259),
(4, 3260),
(27, 3261),
(14, 3262),
(23, 3263),
(24, 3264),
(20, 3265),
(24, 3266),
(10, 3267),
(8, 3268),
(21, 3269),
(2, 3270),
(27, 3271),
(25, 3272),
(28, 3273),
(2, 3274),
(2, 3275),
(24, 3276),
(29, 3277),
(7, 3278),
(6, 3279),
(10, 3280),
(1, 3281),
(21, 3282),
(8, 3283),
(8, 3284),
(25, 3285),
(23, 3286),
(26, 3287),
(1, 3288),
(9, 3289),
(25, 3290),
(5, 3291),
(17, 3292),
(27, 3293),
(27, 3294),
(11, 3295),
(3, 3296),
(6, 3297),
(19, 3298),
(14, 3299),
(3, 3300),
(11, 3301),
(7, 3302),
(2, 3303),
(13, 3304),
(6, 3305),
(10, 3306),
(11, 3307),
(8, 3308),
(2, 3309),
(7, 3310),
(19, 3311),
(7, 3312),
(24, 3313),
(22, 3314),
(20, 3315),
(16, 3316),
(13, 3317),
(14, 3318),
(27, 3319),
(25, 3320),
(24, 3321),
(2, 3322),
(24, 3323),
(16, 3324),
(18, 3325),
(20, 3326),
(10, 3327),
(28, 3328),
(4, 3329),
(29, 3330),
(25, 3331),
(17, 3332),
(26, 3333),
(16, 3334),
(12, 3335),
(4, 3336),
(23, 3337),
(18, 3338),
(14, 3339),
(27, 3340),
(2, 3341),
(13, 3342),
(22, 3343),
(17, 3344),
(11, 3345),
(11, 3346),
(14, 3347),
(13, 3348),
(26, 3349),
(15, 3350),
(8, 3351),
(11, 3352),
(18, 3353),
(8, 3354),
(28, 3355),
(7, 3356),
(16, 3357),
(23, 3358),
(17, 3359),
(25, 3360),
(19, 3361),
(28, 3362),
(4, 3363),
(3, 3364),
(8, 3365),
(13, 3366),
(25, 3367),
(18, 3368),
(28, 3369),
(16, 3370),
(9, 3371),
(7, 3372),
(5, 3373),
(26, 3374),
(6, 3375),
(7, 3376),
(12, 3377),
(4, 3378),
(6, 3379),
(22, 3380),
(27, 3381),
(1, 3382),
(23, 3383),
(12, 3384),
(24, 3385),
(10, 3386),
(18, 3387),
(26, 3388),
(12, 3389),
(3, 3390),
(4, 3391),
(29, 3392),
(16, 3393),
(21, 3394),
(28, 3395),
(11, 3396),
(15, 3397),
(23, 3398),
(10, 3399),
(3, 3400),
(13, 3401),
(3, 3402),
(17, 3403),
(20, 3404),
(14, 3405),
(11, 3406),
(13, 3407),
(14, 3408),
(10, 3409),
(8, 3410),
(15, 3411),
(11, 3412),
(10, 3413),
(22, 3414),
(2, 3415),
(22, 3416),
(9, 3417),
(13, 3418),
(5, 3419),
(10, 3420),
(23, 3421),
(16, 3422),
(12, 3423),
(6, 3424),
(19, 3425),
(8, 3426),
(8, 3427),
(14, 3428),
(17, 3429),
(12, 3430),
(18, 3431),
(24, 3432),
(26, 3433),
(27, 3434),
(26, 3435),
(5, 3436),
(5, 3437),
(13, 3438),
(27, 3439),
(26, 3440),
(3, 3441),
(15, 3442),
(11, 3443),
(11, 3444),
(24, 3445),
(13, 3446),
(27, 3447),
(19, 3448),
(7, 3449),
(7, 3450),
(14, 3451),
(13, 3452),
(13, 3453),
(1, 3454),
(11, 3455),
(21, 3456),
(16, 3457),
(11, 3458),
(13, 3459),
(29, 3460),
(18, 3461),
(27, 3462),
(24, 3463),
(15, 3464),
(18, 3465),
(18, 3466),
(29, 3467),
(4, 3468),
(19, 3469),
(15, 3470),
(9, 3471),
(8, 3472),
(17, 3473),
(7, 3474),
(13, 3475),
(8, 3476),
(17, 3477),
(22, 3478),
(23, 3479),
(14, 3480),
(25, 3481),
(18, 3482),
(13, 3483),
(6, 3484),
(18, 3485),
(2, 3486),
(5, 3487),
(16, 3488),
(10, 3489),
(23, 3490),
(25, 3491),
(17, 3492),
(13, 3493),
(21, 3494),
(3, 3495),
(2, 3496),
(18, 3497),
(25, 3498),
(18, 3499),
(6, 3500),
(5, 3501),
(22, 3502),
(9, 3503),
(3, 3504),
(1, 3505),
(21, 3506),
(25, 3507),
(22, 3508),
(21, 3509),
(15, 3510),
(9, 3511),
(14, 3512),
(20, 3513),
(18, 3514),
(20, 3515),
(26, 3516),
(20, 3517),
(9, 3518),
(24, 3519),
(24, 3520),
(3, 3521),
(23, 3522),
(25, 3523),
(20, 3524),
(7, 3525),
(3, 3526),
(6, 3527),
(19, 3528),
(23, 3529),
(3, 3530),
(3, 3531),
(24, 3532),
(14, 3533),
(20, 3534),
(17, 3535),
(3, 3536),
(3, 3537),
(23, 3538),
(4, 3539),
(15, 3540),
(5, 3541),
(29, 3542),
(17, 3543),
(1, 3544),
(25, 3545),
(16, 3546),
(20, 3547),
(14, 3548),
(4, 3549),
(19, 3550),
(9, 3551),
(16, 3552),
(1, 3553),
(22, 3554),
(21, 3555),
(14, 3556),
(13, 3557),
(27, 3558),
(28, 3559),
(28, 3560),
(13, 3561),
(4, 3562),
(22, 3563),
(18, 3564),
(29, 3565),
(8, 3566),
(23, 3567),
(1, 3568),
(16, 3569),
(20, 3570),
(11, 3571),
(9, 3572),
(24, 3573),
(15, 3574),
(3, 3575),
(29, 3576),
(22, 3577),
(14, 3578),
(27, 3579),
(7, 3580),
(19, 3581),
(8, 3582),
(27, 3583),
(15, 3584),
(11, 3585),
(6, 3586),
(28, 3587),
(5, 3588),
(4, 3589),
(7, 3590),
(9, 3591),
(21, 3592),
(28, 3593),
(11, 3594),
(5, 3595),
(10, 3596),
(2, 3597),
(9, 3598),
(4, 3599),
(24, 3600),
(28, 3601),
(4, 3602),
(21, 3603),
(11, 3604),
(22, 3605),
(11, 3606),
(13, 3607),
(12, 3608),
(25, 3609),
(22, 3610),
(14, 3611),
(22, 3612),
(14, 3613),
(5, 3614),
(19, 3615),
(17, 3616),
(5, 3617),
(4, 3618),
(29, 3619),
(13, 3620),
(9, 3621),
(12, 3622),
(2, 3623),
(12, 3624),
(28, 3625),
(26, 3626),
(23, 3627),
(19, 3628),
(10, 3629),
(26, 3630),
(27, 3631),
(25, 3632),
(27, 3633),
(17, 3634),
(29, 3635),
(1, 3636),
(25, 3637),
(1, 3638),
(27, 3639),
(7, 3640),
(26, 3641),
(2, 3642),
(19, 3643),
(1, 3644),
(6, 3645),
(22, 3646),
(4, 3647),
(2, 3648),
(15, 3649),
(8, 3650),
(26, 3651),
(5, 3652),
(22, 3653),
(6, 3654),
(22, 3655),
(10, 3656),
(11, 3657),
(7, 3658),
(25, 3659),
(22, 3660),
(21, 3661),
(8, 3662),
(19, 3663),
(16, 3664),
(6, 3665),
(2, 3666),
(22, 3667),
(13, 3668),
(19, 3669),
(9, 3670),
(16, 3671),
(21, 3672),
(6, 3673),
(12, 3674),
(5, 3675),
(28, 3676),
(14, 3677),
(27, 3678),
(19, 3679),
(12, 3680),
(28, 3681),
(28, 3682),
(11, 3683),
(13, 3684),
(25, 3685),
(13, 3686),
(20, 3687),
(28, 3688),
(1, 3689),
(24, 3690),
(17, 3691),
(20, 3692),
(7, 3693),
(29, 3694),
(26, 3695),
(4, 3696),
(10, 3697),
(22, 3698),
(11, 3699),
(28, 3700),
(16, 3701),
(4, 3702),
(6, 3703),
(16, 3704),
(8, 3705),
(22, 3706),
(7, 3707),
(29, 3708),
(12, 3709),
(4, 3710),
(9, 3711),
(8, 3712),
(8, 3713),
(2, 3714),
(11, 3715),
(24, 3716),
(26, 3717),
(21, 3718),
(10, 3719),
(7, 3720),
(11, 3721),
(12, 3722),
(13, 3723),
(8, 3724),
(14, 3725),
(2, 3726),
(28, 3727),
(26, 3728),
(14, 3729),
(7, 3730),
(17, 3731),
(7, 3732),
(25, 3733),
(14, 3734),
(10, 3735),
(21, 3736),
(21, 3737),
(12, 3738),
(8, 3739),
(1, 3740),
(18, 3741),
(26, 3742),
(22, 3743),
(16, 3744),
(9, 3745),
(7, 3746),
(9, 3747),
(22, 3748),
(16, 3749),
(10, 3750),
(26, 3751),
(16, 3752),
(14, 3753),
(29, 3754),
(24, 3755),
(1, 3756),
(29, 3757),
(19, 3758),
(14, 3759),
(11, 3760),
(13, 3761),
(23, 3762),
(1, 3763),
(27, 3764),
(20, 3765),
(9, 3766),
(13, 3767),
(6, 3768),
(10, 3769),
(5, 3770),
(13, 3771),
(18, 3772),
(7, 3773),
(13, 3774),
(24, 3775),
(29, 3776),
(3, 3777),
(8, 3778),
(4, 3779),
(10, 3780),
(15, 3781),
(18, 3782),
(6, 3783),
(17, 3784),
(7, 3785),
(20, 3786),
(28, 3787),
(19, 3788),
(2, 3789),
(23, 3790),
(9, 3791),
(26, 3792),
(28, 3793),
(28, 3794),
(14, 3795),
(18, 3796),
(19, 3797),
(5, 3798),
(4, 3799),
(10, 3800),
(15, 3801),
(11, 3802),
(24, 3803),
(12, 3804),
(18, 3805),
(18, 3806),
(18, 3807),
(26, 3808),
(14, 3809),
(27, 3810),
(10, 3811),
(12, 3812),
(15, 3813),
(9, 3814),
(21, 3815),
(23, 3816),
(25, 3817),
(2, 3818),
(2, 3819),
(10, 3820),
(26, 3821),
(14, 3822),
(19, 3823),
(17, 3824),
(8, 3825),
(14, 3826),
(19, 3827),
(24, 3828),
(25, 3829),
(17, 3830),
(13, 3831),
(27, 3832),
(25, 3833),
(9, 3834),
(16, 3835),
(20, 3836),
(13, 3837),
(7, 3838),
(26, 3839),
(25, 3840),
(17, 3841),
(28, 3842),
(6, 3843),
(17, 3844),
(14, 3845),
(17, 3846),
(3, 3847),
(20, 3848),
(21, 3849),
(22, 3850),
(20, 3851),
(23, 3852),
(18, 3853),
(3, 3854),
(17, 3855),
(7, 3856),
(28, 3857),
(9, 3858),
(2, 3859),
(13, 3860),
(12, 3861),
(4, 3862),
(4, 3863),
(6, 3864),
(26, 3865),
(24, 3866),
(14, 3867),
(14, 3868),
(8, 3869),
(8, 3870),
(12, 3871),
(8, 3872),
(27, 3873),
(4, 3874),
(13, 3875),
(25, 3876),
(3, 3877),
(19, 3878),
(15, 3879),
(22, 3880),
(7, 3881),
(6, 3882),
(8, 3883),
(4, 3884),
(2, 3885),
(23, 3886),
(19, 3887),
(24, 3888),
(28, 3889),
(1, 3890),
(11, 3891),
(10, 3892),
(29, 3893),
(13, 3894),
(18, 3895),
(12, 3896),
(14, 3897),
(10, 3898),
(21, 3899),
(19, 3900),
(4, 3901),
(23, 3902),
(28, 3903),
(15, 3904),
(13, 3905),
(25, 3906),
(29, 3907),
(11, 3908),
(13, 3909),
(12, 3910),
(22, 3911),
(11, 3912),
(5, 3913),
(16, 3914),
(7, 3915),
(7, 3916),
(12, 3917),
(11, 3918),
(22, 3919),
(27, 3920),
(26, 3921),
(8, 3922),
(17, 3923),
(4, 3924),
(17, 3925),
(20, 3926),
(23, 3927),
(5, 3928),
(26, 3929),
(28, 3930),
(26, 3931),
(7, 3932),
(11, 3933),
(21, 3934),
(4, 3935),
(25, 3936),
(3, 3937),
(26, 3938),
(5, 3939),
(10, 3940),
(25, 3941),
(18, 3942),
(6, 3943),
(8, 3944),
(2, 3945),
(5, 3946),
(26, 3947),
(11, 3948),
(7, 3949),
(14, 3950),
(11, 3951),
(19, 3952),
(17, 3953),
(25, 3954),
(2, 3955),
(11, 3956),
(15, 3957),
(29, 3958),
(9, 3959),
(23, 3960),
(20, 3961),
(25, 3962),
(6, 3963),
(10, 3964),
(24, 3965),
(2, 3966),
(25, 3967),
(10, 3968),
(9, 3969),
(8, 3970),
(24, 3971),
(8, 3972),
(13, 3973),
(27, 3974),
(4, 3975),
(21, 3976),
(1, 3977),
(28, 3978),
(29, 3979),
(24, 3980),
(22, 3981),
(20, 3982),
(27, 3983),
(22, 3984),
(28, 3985),
(18, 3986),
(3, 3987),
(27, 3988),
(3, 3989),
(18, 3990),
(3, 3991),
(26, 3992),
(9, 3993),
(27, 3994),
(2, 3995),
(22, 3996),
(8, 3997),
(13, 3998),
(23, 3999),
(26, 4000),
(4, 4001),
(14, 4002),
(2, 4003),
(15, 4004),
(5, 4005),
(19, 4006),
(15, 4007),
(18, 4008),
(23, 4009),
(10, 4010),
(7, 4011),
(2, 4012),
(13, 4013),
(7, 4014),
(15, 4015),
(24, 4016),
(28, 4017),
(26, 4018),
(17, 4019),
(17, 4020),
(24, 4021),
(24, 4022),
(1, 4023),
(8, 4024),
(13, 4025),
(22, 4026),
(21, 4027),
(13, 4028),
(1, 4029),
(20, 4030),
(5, 4031),
(28, 4032),
(10, 4033),
(2, 4034),
(29, 4035),
(27, 4036),
(25, 4037),
(3, 4038),
(20, 4039),
(10, 4040),
(24, 4041),
(2, 4042),
(8, 4043),
(29, 4044),
(20, 4045),
(23, 4046),
(23, 4047),
(28, 4048),
(28, 4049),
(1, 4050),
(25, 4051),
(24, 4052),
(16, 4053),
(13, 4054),
(27, 4055),
(7, 4056),
(8, 4057),
(21, 4058),
(14, 4059),
(20, 4060),
(24, 4061),
(22, 4062),
(23, 4063),
(1, 4064),
(22, 4065),
(6, 4066),
(25, 4067),
(28, 4068),
(2, 4069),
(5, 4070),
(13, 4071),
(29, 4072),
(25, 4073),
(21, 4074),
(22, 4075),
(17, 4076),
(26, 4077),
(14, 4078),
(2, 4079),
(18, 4080),
(8, 4081),
(9, 4082),
(2, 4083),
(29, 4084),
(7, 4085),
(8, 4086),
(22, 4087),
(20, 4088),
(3, 4089),
(11, 4090),
(20, 4091),
(29, 4092),
(3, 4093),
(1, 4094),
(12, 4095),
(21, 4096),
(5, 4097),
(24, 4098),
(8, 4099),
(21, 4100),
(6, 4101),
(27, 4102),
(17, 4103),
(3, 4104),
(21, 4105),
(2, 4106),
(21, 4107),
(15, 4108),
(22, 4109),
(6, 4110),
(25, 4111),
(17, 4112),
(29, 4113),
(1, 4114),
(14, 4115),
(21, 4116),
(19, 4117),
(6, 4118),
(5, 4119),
(29, 4120),
(6, 4121),
(7, 4122),
(14, 4123),
(25, 4124),
(4, 4125),
(19, 4126),
(5, 4127),
(26, 4128),
(29, 4129),
(19, 4130),
(24, 4131),
(20, 4132),
(3, 4133),
(23, 4134),
(9, 4135),
(3, 4136),
(7, 4137),
(28, 4138),
(9, 4139),
(12, 4140),
(21, 4141),
(9, 4142),
(12, 4143),
(14, 4144),
(1, 4145),
(23, 4146),
(7, 4147),
(13, 4148),
(19, 4149),
(6, 4150),
(6, 4151),
(23, 4152),
(1, 4153),
(15, 4154),
(12, 4155),
(28, 4156),
(1, 4157),
(9, 4158),
(13, 4159),
(7, 4160),
(19, 4161),
(23, 4162),
(27, 4163),
(8, 4164),
(21, 4165),
(19, 4166),
(4, 4167),
(18, 4168),
(16, 4169),
(10, 4170),
(15, 4171),
(27, 4172),
(25, 4173),
(7, 4174),
(21, 4175),
(4, 4176),
(11, 4177),
(5, 4178),
(10, 4179),
(7, 4180),
(7, 4181),
(20, 4182),
(5, 4183),
(7, 4184),
(15, 4185),
(11, 4186),
(16, 4187),
(20, 4188),
(8, 4189),
(29, 4190),
(26, 4191),
(23, 4192),
(27, 4193),
(14, 4194),
(27, 4195),
(23, 4196),
(1, 4197),
(11, 4198),
(4, 4199),
(17, 4200),
(13, 4201),
(14, 4202),
(12, 4203),
(16, 4204),
(23, 4205),
(21, 4206),
(19, 4207),
(16, 4208),
(22, 4209),
(13, 4210),
(20, 4211),
(3, 4212),
(13, 4213),
(6, 4214),
(2, 4215),
(5, 4216),
(17, 4217),
(10, 4218),
(18, 4219),
(21, 4220),
(6, 4221),
(13, 4222),
(20, 4223),
(1, 4224),
(18, 4225),
(27, 4226),
(8, 4227),
(25, 4228),
(9, 4229),
(19, 4230),
(29, 4231),
(22, 4232),
(11, 4233),
(16, 4234),
(17, 4235),
(3, 4236),
(29, 4237),
(29, 4238),
(11, 4239),
(29, 4240),
(10, 4241),
(26, 4242),
(23, 4243),
(2, 4244),
(27, 4245),
(9, 4246),
(26, 4247),
(29, 4248),
(9, 4249),
(27, 4250),
(16, 4251),
(27, 4252),
(3, 4253),
(11, 4254),
(3, 4255),
(1, 4256),
(16, 4257),
(19, 4258),
(8, 4259),
(22, 4260),
(17, 4261),
(26, 4262),
(28, 4263),
(17, 4264),
(5, 4265),
(11, 4266),
(18, 4267),
(2, 4268),
(11, 4269),
(14, 4270),
(29, 4271),
(6, 4272),
(24, 4273),
(26, 4274),
(4, 4275),
(2, 4276),
(7, 4277),
(18, 4278),
(13, 4279),
(12, 4280),
(20, 4281),
(17, 4282),
(11, 4283),
(18, 4284),
(5, 4285),
(8, 4286),
(9, 4287),
(25, 4288),
(19, 4289),
(26, 4290),
(22, 4291),
(6, 4292),
(9, 4293),
(16, 4294),
(12, 4295),
(3, 4296),
(13, 4297),
(15, 4298),
(3, 4299),
(21, 4300),
(29, 4301),
(13, 4302),
(14, 4303),
(3, 4304),
(22, 4305),
(21, 4306),
(12, 4307),
(17, 4308),
(28, 4309),
(7, 4310),
(7, 4311),
(19, 4312),
(9, 4313),
(23, 4314),
(2, 4315),
(27, 4316),
(3, 4317),
(9, 4318),
(12, 4319),
(14, 4320),
(14, 4321),
(11, 4322),
(8, 4323),
(7, 4324),
(11, 4325),
(16, 4326),
(4, 4327),
(9, 4328),
(3, 4329),
(15, 4330),
(20, 4331),
(22, 4332),
(2, 4333),
(7, 4334),
(24, 4335),
(15, 4336),
(4, 4337),
(8, 4338),
(18, 4339),
(27, 4340),
(16, 4341),
(13, 4342),
(26, 4343),
(24, 4344),
(22, 4345),
(14, 4346),
(22, 4347),
(15, 4348),
(14, 4349),
(15, 4350),
(20, 4351),
(13, 4352),
(24, 4353),
(7, 4354),
(10, 4355),
(20, 4356),
(7, 4357),
(4, 4358),
(16, 4359),
(18, 4360),
(26, 4361),
(12, 4362),
(15, 4363),
(27, 4364),
(11, 4365),
(13, 4366),
(16, 4367),
(11, 4368),
(2, 4369),
(5, 4370),
(13, 4371),
(12, 4372),
(27, 4373),
(12, 4374),
(12, 4375),
(17, 4376),
(17, 4377),
(23, 4378),
(16, 4379),
(13, 4380),
(2, 4381),
(5, 4382),
(7, 4383),
(7, 4384),
(22, 4385),
(6, 4386),
(29, 4387),
(12, 4388),
(14, 4389),
(24, 4390),
(13, 4391),
(19, 4392),
(20, 4393),
(17, 4394),
(25, 4395),
(12, 4396),
(16, 4397),
(16, 4398),
(7, 4399),
(26, 4400),
(1, 4401),
(6, 4402),
(1, 4403),
(4, 4404),
(22, 4405),
(15, 4406),
(29, 4407),
(28, 4408),
(13, 4409),
(23, 4410),
(25, 4411),
(10, 4412),
(12, 4413),
(20, 4414),
(18, 4415),
(24, 4416),
(19, 4417),
(6, 4418),
(21, 4419),
(4, 4420),
(15, 4421),
(18, 4422),
(21, 4423),
(4, 4424),
(14, 4425),
(21, 4426),
(29, 4427),
(21, 4428),
(3, 4429),
(21, 4430),
(14, 4431),
(9, 4432),
(29, 4433),
(24, 4434),
(25, 4435),
(23, 4436),
(18, 4437),
(15, 4438),
(1, 4439),
(18, 4440),
(9, 4441),
(26, 4442),
(23, 4443),
(26, 4444),
(26, 4445),
(7, 4446),
(29, 4447),
(2, 4448),
(20, 4449),
(27, 4450),
(11, 4451),
(15, 4452),
(13, 4453),
(16, 4454),
(16, 4455),
(13, 4456),
(1, 4457),
(3, 4458),
(9, 4459),
(17, 4460),
(8, 4461),
(25, 4462),
(3, 4463),
(15, 4464),
(1, 4465),
(1, 4466),
(3, 4467),
(22, 4468),
(22, 4469),
(12, 4470),
(10, 4471),
(4, 4472),
(11, 4473),
(27, 4474),
(4, 4475),
(14, 4476),
(22, 4477),
(9, 4478),
(14, 4479),
(1, 4480),
(18, 4481),
(27, 4482),
(19, 4483),
(7, 4484),
(12, 4485),
(12, 4486),
(22, 4487),
(24, 4488),
(13, 4489),
(6, 4490),
(21, 4491),
(16, 4492),
(11, 4493),
(28, 4494),
(15, 4495),
(11, 4496),
(6, 4497),
(12, 4498),
(23, 4499),
(11, 4500),
(21, 4501),
(3, 4502),
(16, 4503),
(19, 4504),
(16, 4505),
(4, 4506),
(2, 4507),
(4, 4508),
(15, 4509),
(23, 4510),
(14, 4511),
(27, 4512),
(16, 4513),
(21, 4514),
(16, 4515),
(17, 4516),
(27, 4517),
(23, 4518),
(9, 4519),
(10, 4520),
(13, 4521),
(12, 4522),
(7, 4523),
(2, 4524),
(10, 4525),
(18, 4526),
(13, 4527),
(25, 4528),
(15, 4529),
(16, 4530),
(25, 4531),
(22, 4532),
(22, 4533),
(18, 4534),
(29, 4535),
(26, 4536),
(29, 4537),
(25, 4538),
(22, 4539),
(16, 4540),
(19, 4541),
(26, 4542),
(20, 4543),
(18, 4544),
(6, 4545),
(12, 4546),
(7, 4547),
(3, 4548),
(19, 4549),
(8, 4550),
(7, 4551),
(23, 4552),
(9, 4553),
(2, 4554),
(29, 4555),
(24, 4556),
(11, 4557),
(24, 4558),
(23, 4559),
(22, 4560),
(8, 4561),
(19, 4562),
(22, 4563),
(14, 4564),
(21, 4565),
(15, 4566),
(15, 4567),
(3, 4568),
(2, 4569),
(22, 4570),
(14, 4571),
(23, 4572),
(13, 4573),
(29, 4574),
(1, 4575),
(13, 4576),
(11, 4577),
(6, 4578),
(4, 4579),
(19, 4580),
(12, 4581),
(1, 4582),
(24, 4583),
(2, 4584),
(14, 4585),
(23, 4586),
(6, 4587),
(9, 4588),
(6, 4589),
(5, 4590),
(22, 4591),
(11, 4592),
(19, 4593),
(9, 4594),
(26, 4595),
(23, 4596),
(4, 4597),
(12, 4598),
(22, 4599),
(18, 4600),
(9, 4601),
(6, 4602),
(24, 4603),
(20, 4604),
(7, 4605),
(25, 4606),
(27, 4607),
(1, 4608),
(16, 4609),
(16, 4610),
(5, 4611),
(20, 4612),
(9, 4613),
(12, 4614),
(23, 4615),
(16, 4616),
(14, 4617),
(26, 4618),
(21, 4619),
(16, 4620),
(2, 4621),
(29, 4622),
(12, 4623),
(21, 4624),
(13, 4625),
(18, 4626),
(28, 4627),
(24, 4628),
(16, 4629),
(29, 4630),
(21, 4631),
(12, 4632),
(2, 4633),
(1, 4634),
(6, 4635),
(28, 4636),
(21, 4637),
(3, 4638),
(26, 4639),
(18, 4640),
(24, 4641),
(8, 4642),
(13, 4643),
(17, 4644),
(6, 4645),
(4, 4646),
(28, 4647),
(2, 4648),
(17, 4649),
(11, 4650),
(14, 4651),
(4, 4652),
(15, 4653),
(29, 4654),
(6, 4655),
(24, 4656),
(4, 4657),
(14, 4658),
(18, 4659),
(14, 4660),
(3, 4661),
(1, 4662),
(12, 4663),
(1, 4664),
(20, 4665),
(9, 4666),
(19, 4667),
(7, 4668),
(19, 4669),
(22, 4670),
(10, 4671),
(11, 4672),
(5, 4673),
(5, 4674),
(29, 4675),
(16, 4676),
(15, 4677),
(10, 4678),
(7, 4679),
(19, 4680),
(9, 4681),
(21, 4682),
(17, 4683),
(19, 4684),
(28, 4685),
(4, 4686),
(28, 4687),
(6, 4688),
(7, 4689),
(12, 4690),
(16, 4691),
(28, 4692),
(12, 4693),
(22, 4694),
(22, 4695),
(21, 4696),
(28, 4697),
(16, 4698),
(23, 4699),
(18, 4700),
(20, 4701),
(11, 4702),
(15, 4703),
(6, 4704),
(23, 4705),
(14, 4706),
(25, 4707),
(14, 4708),
(2, 4709),
(10, 4710),
(16, 4711),
(2, 4712),
(23, 4713),
(10, 4714),
(7, 4715),
(3, 4716),
(26, 4717),
(16, 4718),
(28, 4719),
(26, 4720),
(25, 4721),
(29, 4722),
(15, 4723),
(4, 4724),
(18, 4725),
(17, 4726),
(29, 4727),
(22, 4728),
(18, 4729),
(6, 4730),
(3, 4731),
(6, 4732),
(17, 4733),
(3, 4734),
(27, 4735),
(20, 4736),
(25, 4737),
(2, 4738),
(14, 4739),
(6, 4740),
(10, 4741),
(3, 4742),
(6, 4743),
(3, 4744),
(19, 4745),
(29, 4746),
(9, 4747),
(21, 4748),
(28, 4749),
(29, 4750),
(15, 4751),
(11, 4752),
(12, 4753),
(12, 4754),
(27, 4755),
(23, 4756),
(20, 4757),
(25, 4758),
(29, 4759),
(6, 4760),
(8, 4761),
(3, 4762),
(12, 4763),
(5, 4764),
(17, 4765),
(4, 4766),
(22, 4767),
(8, 4768),
(11, 4769),
(18, 4770),
(3, 4771),
(3, 4772),
(28, 4773),
(12, 4774),
(17, 4775),
(15, 4776),
(22, 4777),
(22, 4778),
(26, 4779),
(3, 4780),
(20, 4781),
(10, 4782),
(14, 4783),
(25, 4784),
(24, 4785),
(14, 4786),
(14, 4787),
(7, 4788),
(1, 4789),
(5, 4790),
(3, 4791),
(22, 4792),
(16, 4793),
(18, 4794),
(22, 4795),
(24, 4796),
(5, 4797),
(15, 4798),
(22, 4799),
(20, 4800),
(13, 4801),
(2, 4802),
(24, 4803),
(20, 4804),
(12, 4805),
(3, 4806),
(28, 4807),
(27, 4808),
(21, 4809),
(22, 4810),
(2, 4811),
(12, 4812),
(3, 4813),
(12, 4814),
(5, 4815),
(1, 4816),
(21, 4817),
(9, 4818),
(1, 4819),
(6, 4820),
(13, 4821),
(13, 4822),
(1, 4823),
(24, 4824),
(9, 4825),
(19, 4826),
(7, 4827),
(2, 4828),
(20, 4829),
(25, 4830),
(7, 4831),
(22, 4832),
(17, 4833),
(7, 4834),
(13, 4835),
(18, 4836),
(29, 4837),
(15, 4838),
(18, 4839),
(6, 4840),
(7, 4841),
(22, 4842),
(9, 4843),
(28, 4844),
(23, 4845),
(2, 4846),
(20, 4847),
(24, 4848),
(28, 4849),
(9, 4850),
(28, 4851),
(27, 4852),
(1, 4853),
(25, 4854),
(6, 4855),
(29, 4856),
(15, 4857),
(3, 4858),
(11, 4859),
(3, 4860),
(23, 4861),
(23, 4862),
(9, 4863),
(6, 4864),
(15, 4865),
(28, 4866),
(27, 4867),
(2, 4868),
(27, 4869),
(9, 4870),
(3, 4871),
(24, 4872),
(26, 4873),
(15, 4874),
(17, 4875),
(29, 4876),
(7, 4877),
(13, 4878),
(4, 4879),
(11, 4880),
(16, 4881),
(1, 4882),
(16, 4883),
(15, 4884),
(16, 4885),
(16, 4886),
(29, 4887),
(19, 4888),
(26, 4889),
(16, 4890),
(17, 4891),
(8, 4892),
(20, 4893),
(3, 4894),
(15, 4895),
(1, 4896),
(2, 4897),
(6, 4898),
(29, 4899),
(1, 4900),
(29, 4901),
(12, 4902),
(29, 4903),
(23, 4904),
(4, 4905),
(16, 4906),
(6, 4907),
(24, 4908),
(9, 4909),
(16, 4910),
(13, 4911),
(16, 4912),
(20, 4913),
(20, 4914),
(16, 4915),
(16, 4916),
(6, 4917),
(23, 4918),
(24, 4919),
(25, 4920),
(4, 4921),
(1, 4922),
(28, 4923),
(9, 4924),
(24, 4925),
(23, 4926),
(18, 4927),
(22, 4928),
(8, 4929),
(18, 4930),
(24, 4931),
(4, 4932),
(5, 4933),
(8, 4934),
(18, 4935),
(14, 4936),
(15, 4937),
(9, 4938),
(17, 4939),
(28, 4940),
(29, 4941),
(4, 4942),
(4, 4943),
(9, 4944),
(28, 4945),
(22, 4946),
(9, 4947),
(28, 4948),
(5, 4949),
(9, 4950),
(21, 4951),
(16, 4952),
(9, 4953),
(12, 4954),
(8, 4955),
(21, 4956),
(22, 4957),
(18, 4958),
(16, 4959),
(9, 4960),
(27, 4961),
(4, 4962),
(4, 4963),
(18, 4964),
(14, 4965),
(10, 4966),
(5, 4967),
(5, 4968),
(4, 4969),
(10, 4970),
(11, 4971),
(23, 4972),
(15, 4973),
(21, 4974),
(19, 4975),
(22, 4976),
(28, 4977),
(20, 4978),
(25, 4979),
(5, 4980),
(29, 4981),
(2, 4982),
(27, 4983),
(23, 4984),
(8, 4985),
(17, 4986),
(7, 4987),
(14, 4988),
(11, 4989),
(18, 4990),
(23, 4991),
(28, 4992),
(6, 4993),
(1, 4994),
(19, 4995),
(19, 4996),
(14, 4997),
(28, 4998),
(4, 4999),
(8, 5000);